450.541121591266 10.9355246206313 1 -439.605596970635
275.231048633934 29.08403561693 1 -246.147013017004
93.3280298961906 -89.5382489342042 1 -182.866278830395
315.899355489417 74.628243625359 1 -241.271111864058
264.724562126315 -104.050623729618 1 -368.775185855932
278.115409365316 56.6916683888449 1 -221.423740976471
244.516408742904 -79.5685960298606 1 -324.085004772765
72.8725892782696 141.784134268123 1 68.9115449898536
109.464570220184 157.057267699708 1 47.5926974795238
301.2736179289 -16.8241967246354 1 -318.097814653535
308.653344354426 308.574350349651 1 -0.0789940047742448
-24.5960546088703 -58.638879115656 1 -34.0428245067857
413.709972643542 164.91977278785 1 -248.790199855692
278.144551227407 15.5497764905603 1 -262.594774736846
332.092397892072 186.332134877654 1 -145.760263014418
118.010162111713 64.8284302826102 1 -53.1817318291031
193.408433323327 46.77786812902 1 -146.630565194307
85.4885139661378 207.045585666695 1 121.557071700558
233.211926012006 173.840617450567 1 -59.3713085614397
122.561576179214 273.334771707663 1 150.773195528449
256.839132612514 135.097424173865 1 -121.741708438648
311.427174910552 128.06037953558 1 -183.366795374973
339.635714375669 -76.3058499894394 1 -415.941564365108
279.623231280701 -130.736371914037 1 -410.359603194738
396.898672939716 47.0849189021952 1 -349.81375403752
294.290551734868 306.801077294425 1 12.5105255595565
56.4394961044679 252.520537889188 1 196.08104178472
203.078229657692 148.145249382018 1 -54.9329802756737
263.912512716628 82.1057564912663 1 -181.806756225362
166.310221406924 130.891652678513 1 -35.4185687284108
145.053668936344 64.2240379518732 1 -80.8296309844703
319.882289855369 -29.083569722116 1 -348.965859577485
237.516895775804 85.9942462036074 1 -151.522649572197
392.400547143676 -74.0542542063571 1 -466.454801350033
316.903394009212 171.134046880173 1 -145.769347129039
230.07565822365 320.910047300035 1 90.8343890763847
186.630641969415 -0.507339830024065 1 -187.137981799439
273.305019521478 11.2364248162404 1 -262.068594705238
64.3990567359357 148.336559725898 1 83.9375029899624
309.226849266419 -10.7473712231393 1 -319.974220489558
308.009830006037 122.294650626544 1 -185.715179379493
314.301800191782 91.9776214811889 1 -222.324178710593
245.867992419248 -26.4958659818882 1 -272.363858401136
377.216635254733 275.343290168664 1 -101.87334508607
337.48963413035 247.47752039635 1 -90.0121137340002
423.14272860059 110.221244244025 1 -312.921484356564
541.851278983325 295.733415275294 1 -246.117863708031
77.5201780145442 248.695621643565 1 171.175443629021
131.771627337556 187.398530060943 1 55.6269027233867
155.926778542338 33.8136577540761 1 -122.113120788262
238.246139490295 119.671068667454 1 -118.575070822841
329.822281540412 86.4248073797615 1 -243.397474160651
199.371519185343 36.6437373949893 1 -162.727781790354
212.883085726815 -7.3704579615495 1 -220.253543688365
254.226248503628 44.2191229971781 1 -210.00712550645
152.648108501044 363.105554067613 1 210.457445566569
445.921733025085 99.4645557207374 1 -346.457177304348
125.923266856474 -14.3300296207555 1 -140.253296477229
287.783683383433 28.4608113137347 1 -259.322872069698
346.516731740377 159.785183609221 1 -186.731548131155
226.344009223331 163.911846381746 1 -62.4321628415849
357.238190018235 158.288814006424 1 -198.949376011812
295.785395394797 175.974630889493 1 -119.810764505303
36.3719558334387 -0.639573070028831 1 -37.0115289034675
216.774517304227 37.3051175867389 1 -179.469399717488
311.056354928641 78.3878209415135 1 -232.668533987128
338.113866598623 179.151605759267 1 -158.962260839355
191.704639493893 57.9494867684709 1 -133.755152725422
398.136790352268 -36.4899275831441 1 -434.626717935412
89.7216110947078 69.5342489645038 1 -20.187362130204
196.565526218559 -0.653923643609531 1 -197.219449862169
60.6015430945947 121.593380132858 1 60.9918370382633
150.780898055506 -7.4878160064617 1 -158.268714061968
310.917840904453 -25.2658429521928 1 -336.183683856646
285.88822557919 140.553190799584 1 -145.335034779606
391.468442904345 149.488016743212 1 -241.980426161132
292.296386833227 141.721608255644 1 -150.574778577583
237.141591032523 -117.518797797564 1 -354.660388830087
180.966106321592 25.3530710432356 1 -155.613035278357
222.503512667467 54.9129258786932 1 -167.590586788774
215.571117512415 -113.142960780359 1 -328.714078292774
164.002214075139 -10.3105561911358 1 -174.312770266275
296.803748516074 74.3665684042637 1 -222.437180111811
390.720734492012 384.596426453777 1 -6.12430803823486
44.9553671680066 187.229960998766 1 142.274593830759
191.274864205679 -100.892964505202 1 -292.167828710882
451.963359620782 47.3249495181732 1 -404.638410102608
177.325606149943 174.586789457677 1 -2.73881669226577
351.649560267863 170.968981760541 1 -180.680578507323
159.963498868122 185.846026798997 1 25.8825279308745
248.374031420087 30.6361978408548 1 -217.737833579232
96.5392303640366 -67.5654406155307 1 -164.104670979567
422.382261488081 70.5025923447112 1 -351.87966914337
222.538502332619 46.6213473098283 1 -175.917155022791
232.784170173453 227.310982985266 1 -5.47318718818764
229.580874178725 145.18644084993 1 -84.3944333287953
115.921434034902 6.38817890263145 1 -109.53325513227
260.118152688985 249.167579274623 1 -10.9505734143619
385.083982384312 194.781201641647 1 -190.302780742666
270.482062552352 258.473883132738 1 -12.0081794196138
225.465878948793 267.595516789315 0 42.1296378405215
433.355142308466 148.636966217677 0 -284.718176090789
111.17629460446 126.485459322365 0 15.3091647179054
212.606736069323 -90.8922219470815 0 -303.498958016404
163.05429894487 360.058345552385 0 197.004046607515
81.7305799087778 90.9835892311609 0 9.25300932238316
225.342821441754 85.731638711072 0 -139.611182730682
91.4644183951662 223.710353010262 0 132.245934615095
24.8868290907303 421.693941240477 0 396.807112149747
196.162355813009 124.809306542456 0 -71.3530492705529
88.3251370430892 43.1667281618565 0 -45.1584088812327
62.6403544430803 366.692064331979 0 304.051709888899
74.6072064356196 210.027234688819 0 135.420028253199
21.0382131933772 296.622704558973 0 275.584491365595
275.162313760453 315.265979581303 0 40.1036658208503
145.309120344688 192.634740480254 0 47.3256201355667
108.999060623966 -107.74737698519 0 -216.746437609156
85.1716802519392 -31.9507875657885 0 -117.122467817728
-45.2465295122655 156.860850859806 0 202.107380372072
-43.0442046414899 65.8200708061762 0 108.864275447666
274.962355825729 186.203376459904 0 -88.7589793658256
387.235266885313 238.922247388871 0 -148.313019496441
121.325954270435 211.186620787773 0 89.8606665173379
80.0841527444749 153.391656607652 0 73.3075038631771
291.669571551264 180.735577137339 0 -110.933994413925
401.793318482493 254.15354836239 0 -147.639770120102
163.026688203213 177.640780792727 0 14.6140925895147
-12.5287575793423 136.857186168622 0 149.385943747964
231.455783291836 149.582694510854 0 -81.8730887809818
189.708827680052 113.45416948925 0 -76.254658190802
391.809643372286 263.100990477213 0 -128.708652895072
-9.11417407394416 276.102452278534 0 285.216626352478
179.954151581092 -2.75392456126343 0 -182.708076142355
147.428157414018 441.817735840298 0 294.389578426279
150.939224013183 165.667329683232 0 14.7281056700495
492.074283737705 59.7112588737706 0 -432.363024863935
130.306318175015 -184.291880045363 0 -314.598198220377
305.541772435041 98.8352170469446 0 -206.706555388096
120.758103587803 172.559172661269 0 51.8010690734656
174.449081644107 93.198987922039 0 -81.2500937220681
125.748096158729 84.3726903971073 0 -41.3754057616215
169.364404497178 126.741343764539 0 -42.6230607326387
-74.195283463667 127.294977341789 0 201.490260805456
-16.6364624860302 338.197689712366 0 354.834152198396
214.628781425103 226.295241426314 0 11.6664600012111
428.92228605901 334.683072481955 0 -94.2392135770559
179.197363465201 258.554007390293 0 79.3566439250913
125.902743529582 225.477412361285 0 99.574668831703
209.673094805698 60.1328438938682 0 -149.54025091183
307.319671043448 -12.5544475107046 0 -319.874118554153
59.3861808059288 219.453522312408 0 160.067341506479
-124.908042088503 74.9198462024317 0 199.827888290935
182.232259054532 -53.2848444054309 0 -235.517103459963
65.3043569831244 92.2769882250916 0 26.9726312419671
25.6962489044536 41.9298946154307 0 16.233645710977
290.998892956278 13.4359502452144 0 -277.562942711063
281.340680175639 29.5899216544216 0 -251.750758521217
141.690210586736 -78.6090124395236 0 -220.29922302626
183.598634254064 61.0081734690098 0 -122.590460785054
-6.25554778950072 228.249193048979 0 234.504740838479
160.407197776537 50.8873975551074 0 -109.519800221429
190.624292223748 4.97390518487805 0 -185.65038703887
106.848532721339 328.09327137051 0 221.244738649171
130.720967967166 146.432459947244 0 15.7114919800776
392.505881731347 219.717789358481 0 -172.788092372866
63.8605235992523 156.569360348106 0 92.7088367488538
292.450852442166 147.13911654283 0 -145.311735899336
190.611279468081 208.994055412773 0 18.3827759446924
85.6850443718715 37.0188228196964 0 -48.666221552175
246.16777457881 188.88819324914 0 -57.2795813296697
174.145589395647 246.862924224021 0 72.7173348283743
217.484280815363 360.444516830957 0 142.960236015594
64.7937901124171 348.493136816791 0 283.699346704374
49.2788594148033 366.557404829342 0 317.278545414539
130.024021313031 89.0714384439607 0 -40.9525828690703
188.951671068957 97.6742684460421 0 -91.2774026229145
325.51538250145 109.942596192383 0 -215.572786309067
94.2823748800204 227.112761364228 0 132.830386484207
224.90099596127 218.694658109183 0 -6.20633785208656
214.718641270815 33.4739226195287 0 -181.244718651287
184.076987738323 204.693036431186 0 20.6160486928625
139.027745868899 149.461168998227 0 10.4334231293276
100.375110528677 85.3335916739292 0 -15.041518854748
213.690651307168 123.453961939162 0 -90.236689368006
199.244589238848 46.1000389968286 0 -153.14455024202
262.962486203035 331.809292821678 0 68.8468066186426
76.134847799283 269.17294444457 0 193.038096645287
239.284700829106 30.1382971798059 0 -209.146403649301
160.595603528042 222.946754494558 0 62.3511509665159
14.6375594050084 -15.1316571951614 0 -29.7692166001698
158.076713548747 345.645561229821 0 187.568847681073
44.8234271337334 333.002874302594 0 288.179447168861
168.958729232116 235.129515340321 0 66.1707861082056
38.5284291009698 69.1132185947477 0 30.5847894937779
206.875285120713 196.635596548013 0 -10.2396885726999
61.0603548425485 127.055983435867 0 65.9956285933181
-113.784656632508 148.294506060029 0 262.079162692537
-21.3812585036895 210.082884446117 0 231.464142949806
234.295724821399 143.703272708898 0 -90.5924521125007
276.246433937814 44.509367401703 0 -231.737066536111
